9455
11
1000
424 1217 2039 3672 4172 5057 6137 6571 6743 7582 -34159
84 94
99 17
89 48
41 5
46 93
43 29
16 56
77 4
56 61
72 54
57 38
29 87
51 56
80 68
54 93
16 88
36 47
78 77
27 76
46 73
39 44
52 37
46 85
91 66
84 59
27 34
9 67
71 57
70 4
3 12
34 13
32 50
71 87
25 71
44 32
68 79
34 41
22 61
26 17
68 65
67 78
14 23
54 34
87 27
89 50
77 42
41 75
13 58
28 71
45 58
72 3
68 52
46 29
5 88
74 10
67 63
99 9
63 79
6 76
86 28
1 23
4 91
36 8
52 71
5 8
13 37
10 54
2 52
61 73
11 55
36 82
6 32
17 7
39 3
93 66
36 83
38 86
49 67
34 25
41 33
78 47
37 42
32 47
59 63
86 32
17 91
17 48
31 29
21 93
67 28
26 94
78 31
16 87
54 39
78 86
90 87
72 63
87 49
25 45
33 37
87 67
70 91
54 11
92 74
53 71
3 37
99 72
55 90
25 58
9 53
84 62
97 90
58 46
44 79
19 91
64 57
92 80
86 36
66 9
2 14
60 32
37 91
85 75
25 30
45 87
16 79
69 68
96 25
11 6
1 34
27 1
83 41
80 69
3 22
19 6
58 66
24 9
97 68
14 34
85 56
92 65
98 82
51 15
84 74
75 56
75 10
88 56
94 61
94 69
89 34
73 89
95 2
15 70
94 54
6 32
35 92
14 47
43 45
45 78
21 84
14 82
87 72
28 79
31 55
62 93
98 92
44 29
23 48
90 66
91 52
78 97
33 43
34 74
63 47
85 84
58 12
32 83
40 92
57 50
55 29
66 29
76 31
75 32
14 28
74 43
71 30
27 93
7 54
66 69
80 28
5 45
81 20
52 44
23 68
9 32
83 54
75 69
23 54
23 42
44 80
84 66
62 25
55 23
8 65
77 97
15 97
19 12
32 41
51 70
46 47
89 85
97 76
93 44
64 9
95 14
65 97
77 60
84 22
79 66
56 90
55 1
70 42
76 15
90 34
60 94
22 61
61 61
20 84
39 5
67 16
25 31
53 71
30 82
2 97
24 62
29 26
24 55
96 78
97 83
44 56
37 14
11 2
4 51
29 25
71 96
43 92
55 84
34 3
53 6
71 46
59 64
99 30
52 15
57 6
5 61
85 40
92 2
65 46
26 54
73 68
60 26
36 95
41 62
78 92
53 9
18 73
95 14
27 67
74 84
88 96
87 42
83 76
39 13
27 12
46 91
43 37
48 31
12 31
11 1
1 30
62 19
91 43
36 49
33 25
96 1
70 53
82 89
94 2
33 48
32 20
36 44
58 78
28 63
29 24
68 32
82 17
56 41
25 41
69 66
93 62
95 23
81 1
92 92
96 85
74 15
63 50
15 46
3 63
10 31
74 94
22 45
1 12
63 79
45 23
22 14
71 34
57 70
37 85
36 71
33 54
80 42
83 8
11 91
45 67
88 58
8 58
84 6
16 73
52 91
7 57
53 63
99 75
29 34
61 6
69 1
20 6
62 58
71 13
89 14
63 93
24 33
36 13
28 9
41 3
39 55
55 84
1 31
80 82
84 39
57 45
81 42
25 87
2 89
21 13
72 73
42 33
77 50
59 69
21 16
14 3
83 8
18 49
98 88
35 16
30 32
45 31
62 52
11 47
94 71
89 45
3 80
76 71
33 30
70 30
51 34
97 77
72 26
18 90
55 99
24 60
79 92
87 95
24 82
72 31
95 97
83 5
2 74
92 28
11 4
37 21
60 32
22 48
41 92
33 12
8 59
67 34
34 38
77 86
40 93
92 79
91 22
18 7
11 87
80 85
43 69
67 96
86 65
6 89
69 33
51 36
76 99
33 72
83 65
11 20
52 81
10 86
36 57
58 68
75 50
2 87
33 90
98 41
65 81
82 56
32 34
61 45
99 89
84 22
29 71
34 98
66 81
15 15
3 57
5 2
14 55
27 35
12 40
17 64
64 94
17 40
74 87
39 34
25 49
81 58
74 54
88 73
48 36
62 70
57 26
50 39
68 35
84 23
75 79
58 36
42 81
6 67
63 96
88 43
1 31
3 12
77 53
6 54
48 37
46 71
31 22
49 37
71 96
21 54
14 76
44 21
50 40
54 69
67 16
50 74
18 41
43 60
80 22
53 70
24 40
2 85
81 96
1 34
7 54
74 70
11 5
84 7
51 16
53 13
67 44
36 99
68 7
83 92
95 29
80 22
88 61
2 57
74 13
34 17
69 40
38 39
17 79
36 21
22 23
58 26
12 51
44 95
12 46
80 56
62 75
23 31
51 80
39 79
4 32
22 7
39 11
58 23
4 19
28 66
11 78
66 2
89 42
54 40
36 95
76 78
1 3
42 19
91 51
23 63
10 21
31 26
22 35
34 80
16 17
95 91
22 6
59 1
55 29
27 32
87 68
88 36
68 38
8 58
50 55
83 29
66 81
43 26
24 55
99 14
60 70
22 20
46 2
22 35
85 49
7 15
48 27
29 81
61 78
23 84
47 92
85 95
26 24
43 2
20 22
27 62
30 86
72 96
53 80
35 88
53 11
93 8
64 32
70 98
21 84
21 57
66 25
19 11
74 16
37 60
98 12
66 43
97 63
56 6
27 14
99 74
95 51
63 25
92 55
17 13
82 39
74 89
45 78
51 98
58 98
41 50
58 38
36 55
79 1
30 60
88 22
8 28
18 66
20 98
24 80
73 6
4 90
52 89
68 6
97 81
23 95
74 94
23 42
89 61
2 61
25 35
7 8
64 38
52 38
82 43
40 12
2 53
84 52
35 19
39 11
15 9
65 17
77 33
26 41
71 1
74 64
21 71
80 1
11 6
23 84
46 32
71 55
89 5
65 70
49 15
79 8
21 54
9 73
27 65
72 51
86 7
64 87
92 31
36 74
14 62
13 99
31 28
99 9
84 51
87 53
50 39
22 29
65 75
20 53
25 42
33 39
82 54
42 93
85 29
13 11
8 63
53 55
95 79
18 41
13 11
10 81
96 56
49 28
58 2
36 47
55 99
86 28
28 43
83 50
53 37
57 97
62 54
58 68
32 30
40 98
87 42
7 74
30 49
10 30
30 72
66 85
1 48
6 92
78 60
96 21
98 3
99 90
67 52
48 10
59 54
85 83
40 31
63 50
84 94
51 15
88 95
25 74
22 50
4 66
80 64
78 47
35 2
25 76
82 24
22 51
24 36
83 3
90 32
28 93
40 26
45 41
41 93
20 4
14 58
56 34
9 85
60 27
40 75
69 66
32 5
26 27
71 61
57 3
55 60
58 46
95 2
58 85
71 10
50 5
38 56
22 95
58 1
27 41
32 78
70 78
77 68
7 39
51 53
41 64
10 30
66 22
72 90
51 47
45 79
85 48
1 11
10 35
5 61
79 91
1 18
24 85
91 37
23 66
40 50
80 93
36 80
66 20
34 99
79 11
23 66
31 93
38 64
19 31
80 51
48 54
8 32
4 84
18 15
82 13
82 49
13 12
3 37
12 22
78 38
58 85
85 49
59 13
51 27
26 69
90 67
31 38
60 84
27 50
69 67
79 57
28 47
51 82
27 93
33 87
59 36
31 21
49 62
95 13
55 89
14 49
78 87
52 55
62 6
62 17
55 36
23 44
30 35
63 35
33 11
3 31
50 57
14 14
1 89
94 40
61 90
65 35
68 21
60 12
81 12
91 29
7 90
35 64
73 32
48 69
85 6
69 98
58 70
68 94
91 1
91 13
67 55
63 16
9 91
45 1
78 99
95 12
40 84
93 30
64 70
35 53
40 47
95 35
52 91
89 2
33 47
1 93
86 48
30 64
6 42
10 98
39 56
41 99
52 47
64 90
87 59
29 55
54 40
91 8
64 63
4 51
63 89
68 64
12 43
94 1
47 24
56 2
3 75
5 82
10 67
93 14
58 24
83 71
64 78
14 50
95 61
59 43
10 11
60 12
22 44
36 68
68 11
75 95
52 80
51 49
10 4
53 35
5 40
45 76
67 78
67 38
67 48
57 40
57 40
4 57
87 49
78 31
14 49
26 59
57 83
40 35
96 57
26 38
73 55
82 11
16 34
23 3
12 2
38 17
17 82
46 9
32 95
13 27
61 73
64 30
11 42
35 75
16 13
58 53
4 44
46 65
80 86
3 17
77 44
90 49
14 51
98 69
81 75
87 85
91 42
49 66
6 28
32 12
28 41
44 63
82 19
54 95
2 22
58 5
54 71
69 87
3 93
42 9
62 63
38 1
18 69
85 81
77 18
50 29
5 25
90 80
19 61
34 45
63 39
25 30
13 37
31 1
57 43
72 37
30 92
41 19
43 56
50 53
80 66
24 59
45 95
58 34
21 6
65 2
90 84
18 87
83 81
2 30
99 70
83 74
52 54
31 72
95 90
84 56
89 93
7 25
31 52
42 97
15 63
50 87
98 47
4 1
6 12
95 59
31 28
34 13
1 7
43 89
91 68
54 8
55 89
7 45
37 87
72 93
7 39
29 15
53 47
53 11
77 57
39 44
12 93
96 40
40 70
21 41
98 8
52 82
31 60
51 52
5 52
92 81
96 9
26 49
32 27
65 44
35 83
32 83
62 94
10 54
61 24
89 59
50 60
96 51
70 20
40 76
34 70
23 96
94 75
88 36
24 73
30 90
39 79
53 26
69 33
55 79
25 56
45 95
37 72
53 84
40 90
97 11
31 97
18 2
53 17
10 87
67 93
2 42
85 22
51 32
13 64
99 44
44 4
78 55
75 29
82 15
74 40
68 26
31 98
59 94
38 35
74 69
21 52
8 6
51 10
80 97
90 8
63 59
26 20
63 4
64 95
63 82
30 34
56 55
58 45
70 38
73 63
28 81
97 87
18 10
3 54
15 88
56 72
88 39
79 27
97 21
27 94
76 86
92 62
47 64
12 93
41 33
62 24
84 13
39 5
72 51
83 91
67 35
14 42
1 8
23 17
53 72
83 45
22 29
71 5
84 59
58 55
27 94
23 65
14 67
45 28
56 80
20 70
72 71
96 68
37 36
21 49
65 67
65 16
34 21
37 87
24 75
79 32
55 70
58 24
4 31
53 33
43 70
78 4
5 96
35 48
99 52
22 63
44 9
80 34
72 83
27 50
96 53
51 40
23 60
30 24
42 92
56 76
74 56
80 67
66 70
54 70
16 7
46 26
85 14
53 45
56 9
23 34
75 94
37 37
10 2
10 10
96 15
47 97
23 38
62 45
27 45
9 50
81 67
98 59
26 9
6 64
70 77
4 51
76 82
93 91
38 11
61 91
65 6
93 71
76 49
93 1
72 46
27 76
33 46
46 17
12 37
54 39
98 76
54 16
10 13
14 27
19 2
15 86
66 49
40 77
60 96
86 55
38 42
64 88
69 91
19 99
42 26
5 35
88 54
35 50
99 40
53 13
76 63
39 78
94 20
59 53
63 84
65 64
76 68
84 17
78 73
85 59
18 14
15 82
19 88
26 34
16 81
57 39
37 18
99 22
47 2
33 61
9 74
86 31
13 42
65 32
96 72
55 4
44 38
82 30
91 55
74 92
98 32
90 6
88 96
37 35
59 93
19 93
6 70
15 10
54 51
35 69
94 31
17 56
21 20
13 30
27 41
79 53
65 39
60 21
3 89
14 80
1 95
45 25
16 89
16 72
68 31
73 81
9 28
3 63
86 20
1 19
89 70
53 35
1 81
84 7
94 56
35 3
54 70
72 17
29 80
93 82
37 74
17 23
87 17
50 25
25 7
74 94
93 71
38 23
39 46
48 26
49 48
10 68
29 7
21 20
47 90
56 57
97 96
74 19
62 22
13 69
15 49
44 69
69 60
84 9
68 93
36 41
44 27
2 33
45 39
5 22
17 16
90 97
96 79
72 89
23 96
17 63
95 12
91 47
9 81
8 14
37 48
77 36
74 33
85 92
80 67
62 70
6 84
74 63
45 21
28 75
66 16
70 71
47 14
53 6
80 70
6 68
80 92
34 25
21 40
55 92
89 29
57 60
24 64
2 36
99 91
58 70
38 74
85 40
68 14
40 54
21 28
76 1
89 96
16 79
34 84
7 73
14 81
7 88
38 96
98 27
43 87
71 38
78 34
34 11
51 90
5 41
50 44
17 22
21 59
87 18
13 71
90 33
35 32
4 37
75 85
86 96
81 83
40 6
14 34
65 39
58 34
59 65
25 73
9 63
71 57
88 15
31 44
37 21
63 68
83 40
42 78
94 82
41 21
32 50
41 6
90 66
46 25
17 52
84 25
53 73
27 6
5 13
24 99
77 57
98 46
28 48
66 79
57 81
84 7
82 34
25 12
37 2
4 2
94 26
7 11
12 21
47 97
91 7
71 80
98 23
16 5
79 51
5 10
69 19
69 34
33 3
52 65
70 66
96 15
28 74
77 24
15 3
76 64
84 63
80 54
3 78
86 87
91 95
96 54
30 80
33 94
29 19
75 81
58 77
8 4
98 43
10 69
24 2
21 25
92 94
69 70
39 58
52 23
68 36
95 52
46 98
98 73
21 84
24 36
85 7
37 8
48 60
33 26
92 48
95 77
72 2
79 44
41 79
41 5
12 73
9 2
74 45
64 37
77 58
18 23
15 4
15 77
9 68
44 85
65 42
12 65
60 81
89 98
69 45
22 4
3 96
84 78
21 53
93 3
63 36
79 10
54 24
27 54
64 89
83 70
7 95
43 8
26 60
43 58
47 64
72 96
31 5
57 61
41 91
52 42
81 16
30 98
42 98
57 91
11 33
44 39
31 51
6 22
91 68
94 25
93 27
12 13
49 86
59 37
64 87
32 80
17 36
30 11
37 90
49 20
19 96
63 26
16 85
93 43
63 6
4 2
34 11
15 14
94 25
28 74
56 2
75 56
54 91
17 11
6 47
66 60
53 71
5 64
28 47
44 35
36 64
94 77
61 58
5 16
9 99
93 56
74 23
46 76
98 67
13 33
32 35
33 61
90 19
58 64
29 57
87 61
57 97
57 31
89 41
75 87
55 29
82 38
88 89
17 24
88 62
60 96
1 72
37 6
91 86
21 87
3 52
17 92
77 67
2 41
22 43
49 8
19 26
94 83
63 1
5 3
60 33
17 22
16 48
28 39
1 43
58 35
73 7
59 94
80 93
81 35
78 75
23 93
79 31
8 14
19 17
18 24
63 92
58 45
32 48
11 50
51 17
33 12
49 83
42 69
71 62
25 8
23 43
76 93
29 20
73 17
35 15
3 82
95 31
79 83
95 25
7 78
46 84
16 30
40 10
63 95
57 74
39 59
15 52
21 84
18 78
63 10
79 49
20 79
79 85
63 62
87 80
6 75
34 51
25 19
78 6
60 64
54 68
5 25
3 41
22 70
41 81
2 19
54 84
32 1
10 87
34 23
81 96
98 8
76 53
34 19
16 9
97 24
9 96
1 79
40 72
28 60
16 82
48 77
57 15
8 13
32 39
46 29
32 25
93 92
18 83
69 80
56 84
34 8
57 52
26 80
10 13
24 1
79 71
1 70
66 40
31 99
83 48
64 75
72 42
91 62
80 33
43 52
97 82
7 36
89 13
39 29
1 31
48 50
50 24
38 2
75 48
41 58
62 3
21 27
45 64
74 31
75 23
83 16
41 20
65 98
41 75
57 55
74 56
38 16
93 96
70 75
34 99
4 57
43 35
40 69
2 77
60 26
29 85
59 51
60 67
55 19
29 98
42 57
35 27
24 28
59 68
82 6
10 66
97 58
74 66
89 6
14 45
87 34
96 52
18 94
21 6
41 37
39 33
54 77
60 53
60 48
32 5
8 58
56 77
43 47
64 13
34 21
3 11
54 95
44 13
85 77
17 75
5 5
61 49
93 36
12 68
11 73
59 97
17 80
16 14
96 69
46 19
73 11
55 34
36 46
45 45
58 86
34 27
63 38
3 50
76 21
51 10
21 24
49 81
4 33
46 10
82 3
75 16
33 42
94 43
42 12
98 16
17 93
44 49
2 16
98 94
42 61
17 91
65 28
59 87
58 67
82 38
14 16
92 83
49 85
21 66
15 38
55 52
29 44
42 68
30 9
8 89
44 9
9 86
56 21
91 94
41 15
76 23
8 40
42 23
10 47
21 59
8 75
98 10
52 20
42 90
48 57
53 15
31 20
16 88
33 82
63 88
58 50
93 77
31 18
48 69
38 3
58 73
55 6
19 80
53 65
92 6
30 17
44 72
44 69
41 84
75 92
59 32
22 20
44 87
84 17
67 93
82 71
55 85
81 2
4 31
70 25
98 29
93 53
18 42
73 81
8 41
99 92
97 5
49 84
90 28
44 47
43 35
60 53
37 70
38 93
87 27
24 80
75 80
53 79
97 63
35 90
88 78
14 10
84 15
28 64
91 61
34 33
44 30
25 64
32 48
18 7
47 71
80 6
88 28
35 9
54 50
74 91
36 74
61 27
36 53
4 50
35 97
49 88
81 89
14 54
83 31
36 97
91 19
49 13
51 72
73 64
31 12
97 40
80 87
66 42
22 86
17 11
44 22
99 72
40 45
94 4
53 1
72 93
67 36
36 97
29 33
35 9
42 52
94 16
96 47
93 30
73 38
55 22
41 54
17 4
76 2
20 83
44 33
42 66
96 29
65 37
78 9
24 15
29 7
13 38
49 5
62 48
7 11
4 98
92 85
88 35
97 59
39 75
57 39
72 65
3 20
49 93
44 28
93 77
76 43
42 96
69 6
7 97
71 2
56 42
25 88
93 87
42 74
26 62
56 31
52 48
40 97
91 46
25 15
32 2
73 58
23 79
66 71
70 20
33 72
73 27
85 25
82 63
81 4
47 12
26 4
98 7
42 27
42 9
81 71
35 60
13 72
83 16
51 48
52 90
53 71
44 92
50 30
58 26
19 32
51 44
89 69
69 61
31 17
84 1
60 48
74 20
74 17
52 52
43 34
51 36
47 29
10 72
73 16
41 81
27 73
77 66
23 38
84 6
44 69
72 91
96 28
59 9
57 76
75 13
36 85
2 18
52 61
29 75
71 70
24 79
88 13
62 65
40 23
91 5
57 25
41 55
30 37
66 89
84 77
20 57
34 88
33 19
97 14
64 88
76 73
17 81
79 2
24 56
85 69
63 46
12 33
19 62
21 92
87 9
74 21
93 89
11 23
48 68
21 8
5 5
31 18
72 65
11 29
46 66
95 74
84 76
86 77
58 78
19 78
25 85
29 41
69 92
80 2
83 53
74 53
45 75
80 71
25 1
12 24
4 42
92 49
93 17
81 81
31 72
41 99
90 87
1 66
44 68
80 83
1 58
56 62
60 15
13 17
7 30
79 22
61 64
32 1
12 58
58 54
44 25
16 62
12 17
36 99
80 45
27 76
72 67
8 70
93 90
43 77
6 19
24 88
65 68
49 22
41 61
55 14
8 3
80 54
20 15
73 90
78 80
22 43
87 62
49 15
41 16
52 52
64 12
10 79
65 68
89 21
86 72
88 16
25 91
90 76
41 83
21 52
35 8
19 45
96 44
30 11
88 62
71 67
59 41
87 99
92 5
96 55
58 78
62 95
17 18
95 72
25 26
63 73
85 24
78 14
25 64
53 97
60 95
15 88
46 79
28 21
26 51
67 62
20 23
53 38
80 16
17 59
3 22
52 82
14 61
74 7
35 44
78 13
49 82
36 64
9 92
3 15
55 38
52 34
27 96
17 80
91 71
46 10
4 60
27 97
87 32
21 51
18 21
18 69
50 19
93 89
93 93
24 38
27 60
26 2
34 1
66 73
74 71
93 71
75 73
40 90
86 53
8 81
56 62
21 32
37 3
49 25
74 16
21 42
8 69
92 62
2 43
89 85
55 89
59 35
57 48
23 19
50 11
94 9
13 27
84 90
6 79
24 87
65 2
31 97
26 32
49 90
33 83
36 39
19 56
45 99
8 36
29 24
24 96
58 38
67 29
4 55
57 8
79 5
92 65
41 7
92 48
4 64
81 48
15 75
74 38
41 56
36 54
31 22
85 85
98 74
32 48
87 93
58 70
81 68
87 88
61 54
97 67
92 47
78 51
60 52
53 79
77 67
40 49
57 87
72 26
83 5
12 62
71 42
39 55
82 37
19 68
94 19
22 78
49 51
41 79
80 90
66 71
41 12
43 91
36 56
96 69
39 84
62 38
9 10
85 3
90 2
99 69
3 15
51 66
69 23
63 70
30 30
1 14
4 39
58 84
54 64
72 89
62 86
75 13
87 11
76 33
11 84
44 35
60 16
26 82
19 28
58 1
82 3
43 49
2 87
27 16
90 28
53 9
19 10
33 54
28 63
95 80
19 76
49 28
36 1
67 60
24 76
1 98
5 37
81 11
85 17
86 70
95 30
37 96
95 22
93 61
61 8
53 4
11 12
21 11
60 40
66 7
59 76
39 27
47 69
15 95
69 2
58 74
77 45
97 14
34 55
69 25
39 36
8 97
31 91
27 83
62 68
53 13
45 76
6 66
64 52
42 25
5 2
42 5
20 39
41 87
72 2
48 54
72 23
13 18
55 7
76 43
80 88
11 45
9 68
9 13
49 48
11 65
42 59
49 29
96 6
65 97
42 44
97 43
96 95
74 20
49 90
26 79
24 24
66 9
14 59
73 58
84 85
49 59
39 28
77 17
46 74
94 43
56 27
95 71
90 27
91 86
85 21
97 31
50 81
69 28
6 25
26 94
23 45
24 44
32 43
9 18
31 92
86 42
59 96
99 85
9 48
53 52
87 57
82 21
55 97
78 40
24 27
8 80
75 58
37 43
32 77
43 39
9 97
72 26
98 54
60 13
46 38
24 97
89 72
99 97
76 99
17 68
45 2
87 66
66 48
81 81
6 34
27 56
43 48
49 16
2 74
89 16
68 75
74 86
73 63
1 23
17 59
18 32
43 2
88 39
32 88
51 89
81 33
25 20
4 26
62 68
66 61
63 79
54 84
84 9
72 99
86 71
62 23
47 24
1 13
74 37
9 7
7 81
54 19
72 33
4 35
61 77
80 98
73 17
87 29
51 41
37 24
59 44
93 86
71 83
98 6
17 91
54 21
17 16
6 40
35 49
97 13
95 10
57 44
95 13
62 37
21 54
98 65
74 69
39 10
27 87
37 48
75 95
91 75
47 96
79 67
31 91
28 68
33 4
6 44
93 43
68 52
65 21
70 66
55 27
89 47
1 15
80 27
3 60
62 12
86 18
22 26
54 84
76 84
49 10
26 28
61 52
38 22
90 45
74 28
41 71
77 27
72 33
31 5
27 32
15 82
41 81
50 94
4 54
1 35
59 17
93 61
78 35
63 48
88 49
75 70
47 27
45 40
39 43
36 58
60 93
45 63
23 8
54 13
34 69
72 24
14 14
77 12
46 47
6 78
71 16
26 51
65 96
77 16
96 7
32 90
86 80
30 83
14 57
32 30
3 15
39 12
52 17
58 84
75 75
79 92
44 40
48 74
72 57
89 98
22 27
88 13
65 55
17 53
59 84
89 36
25 52
5 96
76 17
81 63
46 35
18 16
67 35
5 2
99 48
51 11
33 43
42 73
4 47
30 66
33 45
71 93
36 88
30 73
39 20
8 89
45 17
69 43
62 37
68 82
64 18
33 14
82 88
82 77
59 77
85 53
55 95
90 50
46 65
99 34
36 41
56 2
32 57
63 57
91 27
65 66
50 73
53 8
85 70
23 19
57 91
62 94
25 41
30 45
33 6
7 61
11 24
16 11
73 8
91 90
56 44
54 22
73 86
65 7
82 2
32 3
68 10
94 52
9 7
36 3
34 30
87 67
13 66
50 65
84 91
23 54
67 13
62 98
92 4
43 66
39 31
32 89
68 56
9 82
46 32
19 53
5 83
6 93
16 46
72 80
67 4
14 76
35 3
33 38
91 15
69 58
63 41
1 12
66 72
92 41
80 47
5 5
71 81
16 5
81 93
21 62
32 93
91 27
26 90
97 40
44 26
35 63
54 90
43 81
41 83
67 44
2 83
1 35
68 57
22 75
52 37
64 40
98 60
45 20
16 61
90 63
91 84
37 19
9 61
40 4
58 53
23 19
52 39
79 34
47 63
60 64
39 84
57 65
53 30
16 79
50 64
59 33
21 65
29 87
33 25
86 77
38 85
88 38
54 22
54 84
18 31
23 28
42 20
84 70
58 57
13 92
43 92
18 38
14 31
66 92
91 12
51 91
26 85
19 62
9 8
75 85
43 23
13 53
89 65
22 14
58 70
40 24
57 90
45 51
71 74
44 55
41 28
64 62
55 15
36 85
47 32
56 26
88 16
64 94
93 15
14 91
29 43
99 11
95 78
25 59
84 87
35 43
78 57
71 30
42 16
28 11
55 3
99 3
54 26
99 36
46 66
32 97
36 57
55 33
73 82
99 47
22 67
14 42
88 4
54 11
19 18
38 94
88 68
73 76
48 39
91 74
5 55
43 54
45 23
71 67
90 50
69 37
73 49
46 59
44 79
63 67
56 17
54 73
38 14
70 54
47 65
93 47
98 33
27 40
16 59
16 77
49 85
61 99
85 64
92 48
64 10
81 84
82 30
30 79
83 69
1 76
26 58
60 87
65 68
70 13
39 63
40 48
88 27
26 34
79 90
93 69
32 30
92 62
70 22
52 67
76 53
75 59
77 74
8 59
74 97
29 57
81 33
56 30
29 99
57 98
19 60
8 95
71 36
29 96
40 2
33 27
7 94
23 91
92 46
69 79
87 57
60 69
69 87
7 22
68 8
90 70
69 82
11 45
59 61
35 40
99 48
89 35
53 14
24 80
2 49
59 74
48 36
28 44
10 22
29 2
78 66
14 21
32 72
30 25
31 75
21 34
87 40
19 47
14 51
39 48
9 71
93 68
79 90
9 97
90 55
29 49
28 48
2 22
93 61
32 54
41 30
7 19
79 63
33 89
40 54
41 22
85 72
8 85
95 10
64 84
14 11
16 57
7 68
75 60
41 28
5 58
92 35
67 16
21 14
15 59
46 49
18 96
27 61
43 10
76 4
24 17
29 75
51 50
77 12
68 89
7 82
5 58
1 68
59 95
63 97
36 8
75 16
92 63
63 44
92 91
15 56
54 74
98 31
89 33
99 97
18 68
95 99
68 31
96 45
58 55
82 85
24 16
90 62
36 52
99 54
66 37
71 80
65 86
70 49
91 85
85 40
2 55
40 57
5 41
58 24
23 49
94 37
60 26
88 19
17 43
4 73
41 74
87 78
67 28
87 87
46 9
48 79
58 52
7 80
88 46
4 13
92 57
58 57
79 5
97 86
1 88
23 30
26 18
32 64
82 51
93 53
3 37
1 17
97 35
17 31
58 76
81 88
61 91
77 69
91 6
63 96
37 11
85 67
63 84
81 66
90 45
72 88
58 52
63 65
2 29
65 83
17 24
50 50
54 92
62 33
5 21
20 1
9 55
58 36
97 80
18 28
84 78
69 39
80 34
52 64
64 46
90 60
56 20
12 46
20 32
38 69
10 11
97 93
52 59
48 70
48 83
17 19
11 34
46 93
73 33
70 24
74 60
64 43
47 18
5 36
44 33
12 53
18 37
23 17
51 44
74 88
81 53
81 23
63 78
23 15
97 92
4 72
77 39
99 40
24 88
42 86
45 42
20 20
5 13
31 79
48 56
80 61
44 22
34 51
17 55
80 25
32 98
45 91
6 22
6 37
45 31
36 64
57 6
65 52
18 30
78 21
34 23
77 39
94 89
91 75
85 42
76 6
42 88
79 90
89 76
73 22
4 91
75 27
24 24
51 34
68 1
80 19
32 39
44 90
73 54
91 41
44 89
22 34
8 18
1 14
96 86
51 67
45 32
99 56
70 13
19 39
14 87
58 11
67 10
27 48
90 3
12 44
41 97
18 92
46 30
57 95
68 14
34 44
21 98
86 96
85 99
31 48
47 9
83 58
36 25
24 50
53 27
68 81
15 7
73 93
66 1
91 16
31 10
34 45
25 73
81 2
81 54
18 89
39 7
47 59
21 90
14 59
53 31
80 3
78 9
83 23
11 33
49 53
7 84
12 88
22 83
9 25
27 51
13 92
71 55
31 52
67 59
48 26
16 78
37 52
91 16
43 92
10 71
66 84
7 74
21 41
16 99
50 73
84 30
42 16
90 65
73 28
65 15
41 76
35 37
36 90
67 18
85 95
46 43
61 43
33 55
5 72
74 48
44 8
89 45
47 86
9 45
89 31
48 14
17 35
38 43
97 72
10 24
73 51
38 29
92 68
59 86
32 24
3 76
72 38
36 62
53 97
77 53
19 32
47 68
13 18
71 68
48 54
33 84
5 22
81 63
47 70
8 87
58 20
82 40
55 13
18 82
80 98
23 37
8 44
12 28
97 86
12 86
71 20
85 79
33 87
9 9
3 86
58 16
12 11
79 63
14 28
67 50
31 53
80 36
88 2
83 92
37 99
21 85
89 19
73 29
17 95
3 12
12 75
54 65
64 13
99 83
48 35
24 45
52 50
38 34
48 72
45 90
40 29
23 16
85 99
51 32
1 13
32 61
64 92
70 93
13 59
67 51
42 80
84 22
35 80
30 2
81 55
8 15
3 53
72 8
48 67
34 88
38 16
18 44
44 3
11 70
15 70
15 32
29 67
50 13
90 36
32 7
42 78
58 69
33 72
13 10
28 93
21 65
3 40
90 64
54 94
86 5
19 95
47 30
19 65
27 25
17 50
93 52
16 58
99 54
70 65
68 94
67 93
94 26
41 60
42 96
26 14
66 66
90 18
52 79
90 93
60 97
53 12
22 98
34 88
82 9
94 97
86 82
41 47
42 26
64 74
24 13
1 1
6 9
20 60
20 10
11 24
8 93
40 81
55 94
9 56
17 75
79 82
6 62
89 3
59 9
16 97
55 92
31 77
50 60
30 22
20 76
98 36
2 74
72 76
46 85
10 95
45 29
85 69
51 83
32 94
33 87
86 70
41 78
19 52
66 5
95 18
82 47
16 69
74 84
91 81
68 59
9 38
81 90
54 2
64 24
95 94
72 30
28 44
27 44
43 29
15 23
7 69
73 83
11 28
72 22
59 72
70 19
92 51
5 65
30 57
3 59
48 94
43 24
28 32
36 73
8 7
48 77
15 29
40 44
37 15
54 31
3 64
4 59
40 11
92 25
98 19
71 7
11 39
61 58
3 61
51 6
9 87
54 4
62 41
31 62
87 88
55 40
54 75
98 16
2 37
69 97
64 12
33 74
56 58
28 33
89 1
80 10
92 92
60 53
98 65
57 16
9 11
14 36
58 62
13 60
56 14
78 19
12 61
65 42
18 94
14 49
3 97
77 44
17 20
84 14
69 72
4 80
42 80
33 10
63 88
77 98
3 32
49 81
39 41
74 47
84 78
83 21
9 58
14 86
29 47
91 42
69 55
49 36
39 9
50 25
27 97
71 54
34 1
16 31
73 70
50 98
5 50
79 77
23 78
57 9
82 92
14 52
12 32
29 77
41 94
58 96
26 20
34 7
49 5
46 2
7 11
10 45
66 61
28 15
23 96
17 30
84 48
3 61
35 43
30 83
74 18
56 15
7 38
23 66
81 73
39 98
52 23
49 2
9 7
11 80
23 86
35 22
81 5
85 51
50 98
99 2
89 97
5 86
1 84
21 26
80 71
94 97
51 63
59 68
4 79
47 13
88 63
53 43
8 1
92 53
56 21
7 71
33 6
88 65
53 33
94 95
33 13
52 71
36 53
61 87
89 87
10 99
72 71
11 53
69 23
71 50
95 62
34 27
91 84
66 5
5 83
90 32
88 99
70 82
35 19
60 41
65 8
94 45
74 14
88 97
3 21
59 89
57 26
6 59
87 8
71 72
70 82
12 36
57 59
68 18
39 2
13 16
16 67
71 62
18 31
4 12
9 86
44 88
86 86
62 69
92 54
73 79
54 83
94 20
42 74
68 27
29 58
58 53
61 51
50 62
28 14
29 32
19 13
2 98
9 52
16 50
42 56
85 68
33 63
81 48
6 9
23 87
29 26
56 29
35 54
63 8
1 3
63 76
97 86
70 66
58 66
36 13
92 9
67 48
58 53
96 49
43 92
60 86
40 89
4 86
12 98
56 96
60 72
50 69
46 99
44 48
31 41
26 86
34 79
95 87
31 44
42 3
95 35
5 54
68 77
59 61
42 84
21 97
58 83
21 20
59 79
82 56
83 72
71 67
12 12
87 69
9 48
57 75
24 8
79 70
84 82
57 80
94 11
99 35
33 68
10 5
30 65
70 23
51 36
93 89
6 85
88 62
52 89
14 77
65 73
48 17
24 12
62 66
28 55
85 75
70 77
2 8
30 41
23 84
41 60
68 22
65 49
98 97
59 79
64 49
47 10
56 37
38 78
77 85
68 46
14 88
77 93
70 23
70 65
51 78
72 76
25 31
87 56
70 80
15 30
93 5
6 46
81 8
33 74
82 95
90 13
91 63
19 12
17 18
94 44
15 63
33 5
96 67
8 31
65 18
73 48
94 87
62 68
78 22
4 3
88 40
13 76
79 89
43 52
99 84
24 47
66 75
96 43
85 97
93 31
58 82
5 21
78 47
92 6
68 97
37 42
86 24
5 17
48 90
21 34
2 51
25 98
56 42
93 37
61 52
46 1
83 11
28 43
44 98
19 22
34 87
84 49
77 60
73 68
61 33
19 29
64 70
52 10
70 64
4 17
23 7
16 88
3 20
69 86
43 78
36 86
22 41
25 52
51 62
4 27
73 29
43 97
7 58
75 56
28 7
16 42
74 15
54 62
40 51
98 82
67 46
2 86
44 72
99 8
14 23
42 40
20 60
58 67
5 53
73 28
87 27
89 79
1 5
53 58
80 7
76 59
56 49
81 39
42 64
74 79
3 57
33 95
88 39
65 20
67 81
29 12
92 42
63 70
10 33
45 31
90 10
51 60
67 41
74 3
83 54
58 24
15 16
8 80
62 71
30 54
70 33
51 41
21 57
27 29
95 12
55 2
13 61
32 33
26 30
30 32
12 56
38 80
98 28
29 78
52 90
58 90
95 4
52 32
54 49
51 83
71 98
64 28
13 17
44 58
62 14
24 90
35 1
99 25
20 2
78 34
16 20
15 89
95 52
22 9
12 43
20 40
56 18
86 35
89 27
73 99
80 81
44 20
3 79
17 12
16 50
58 64
16 49
85 80
63 63
86 89
7 11
98 71
70 3
51 15
28 90
20 19
43 58
51 36
10 49
1 55
34 61
21 14
86 60
66 99
90 67
44 64
1 69
20 65
76 72
34 36
25 27
52 75
79 21
54 65
34 65
96 92
97 22
81 13
57 78
82 36
77 92
24 97
7 79
62 19
55 54
15 75
47 71
35 68
40 83
17 88
63 75
31 28
89 81
68 77
23 43
39 80
12 31
86 94
92 57
89 91
4 27
4 31
23 10
77 67
36 86
11 41
31 87
57 69
92 35
64 71
78 56
71 50
97 18
63 44
76 94
30 40
47 94
23 72
77 34
39 77
58 92
27 42
89 56
38 80
88 86
54 32
82 33
49 41
16 67
42 51
22 41
77 7
59 6
83 7
47 32
13 90
59 16
18 49
97 90
22 4
94 86
22 94
75 55
64 31
62 89
45 81
27 15
15 87
79 99
54 14
20 80
23 67
93 59
61 52
39 97
36 48
11 70
59 70
6 88
20 1
71 93
15 24
82 18
74 26
87 14
89 64
72 22
12 79
76 38
49 75
10 47
16 91
26 69
89 98
10 49
22 91
65 14
89 32
73 66
22 91
10 61
29 33
35 75
57 21
67 27
15 81
28 62
31 51
37 11
33 10
80 40
22 87
49 81
58 25
50 21
49 99
36 7
92 7
95 54
45 49
55 39
3 96
25 19
90 13
95 33
56 58
98 79
96 36
79 4
38 87
18 95
17 18
11 69
46 10
16 19
31 90
35 37
2 5
91 56
15 47
21 65
30 28
3 48
36 31
33 9
29 17
60 85
74 48
79 55
93 87
56 14
77 3
96 29
69 47
59 21
91 94
97 4
61 4
75 61
20 87
66 60
72 49
53 16
7 95
79 21
74 90
29 82
46 68
26 57
88 28
47 51
28 72
13 28
31 41
62 98
48 14
13 54
95 77
93 14
14 69
87 56
65 99
26 94
27 61
55 26
14 45
48 21
48 58
42 92
51 19
56 62
11 83
66 39
72 59
82 71
67 49
16 25
17 75
54 45
89 2
70 67
53 28
69 40
62 90
20 56
81 34
70 30
49 37
47 70
56 4
73 1
21 31
40 42
14 80
36 82
85 60
79 27
57 45
11 30
55 50
74 64
40 73
50 26
54 16
74 19
92 55
7 12
35 75
73 46
37 87
43 70
62 96
71 7
64 7
18 10
42 30
8 35
21 74
47 51
24 6
42 85
5 23
74 98
47 36
17 59
9 46
15 32
85 2
93 98
70 29
8 59
4 21
39 35
77 45
46 97
68 17
30 8
2 15
55 10
67 44
58 77
80 74
53 45
6 15
86 75
82 57
32 49
70 37
9 31
54 19
51 3
43 69
39 13
33 16
95 91
54 34
15 26
96 2
3 99
16 91
79 21
27 44
57 82
67 5
66 81
45 98
92 62
58 74
2 17
37 15
73 87
13 23
57 35
97 4
56 45
58 47
26 26
70 17
93 29
48 26
61 92
17 72
12 38
77 72
56 88
66 31
95 28
18 89
9 85
15 4
23 39
1 44
60 4
25 56
66 84
76 11
87 19
50 76
27 88
81 4
9 88
57 66
16 14
73 9
5 75
81 73
56 7
21 52
45 14
18 90
14 58
45 72
88 29
27 45
12 26
8 8
60 70
55 74
24 43
7 47
17 53
70 20
79 56
49 52
40 72
99 59
85 93
6 99
5 77
23 23
37 55
26 5
22 83
10 11
85 10
15 29
53 40
89 65
87 78
6 91
72 1
45 3
83 30
41 29
30 24
3 56
1 98
99 38
81 22
33 41
31 52
88 79
16 90
12 18
97 18
69 66
84 36
9 81
23 23
89 24
36 62
64 66
63 28
86 36
52 2
67 65
49 10
8 29
56 51
33 4
84 36
40 80
74 36
24 42
79 77
84 4
17 66
99 11
75 54
62 81
16 13
22 18
85 46
61 7
10 91
33 85
70 14
77 13
15 76
53 59
46 48
45 87
51 41
42 26
62 49
62 71
14 84
26 69
71 15
59 36
30 57
68 11
33 87
90 59
24 24
24 42
2 49
67 45
14 33
15 70
53 54
74 19
2 2
60 33
47 73
6 66
8 69
80 61
38 96
81 33
89 92
55 88
25 72
2 38
19 15
63 3
19 73
9 81
78 19
95 64
42 82
57 14
22 1
40 65
3 40
88 9
35 19
6 31
88 48
88 71
96 55
60 10
69 42
32 80
36 19
92 2
29 37
78 34
88 58
42 55
39 18
74 32
61 41
90 26
19 84
63 67
3 13
86 25
45 56
13 49
77 33
89 4
10 45
36 5
39 21
91 3
4 98
49 95
30 12
49 60
77 90
94 58
27 26
96 91
15 53
92 84
32 62
88 83
66 79
64 41
39 38
24 27
3 52
8 19
79 10
65 38
58 43
28 58
11 12
71 20
6 88
58 98
73 56
19 52
80 26
21 80
92 80
14 80
83 36
5 12
6 98
34 55
50 80
91 34
25 81
86 96
71 61
64 57
37 48
32 17
74 21
15 5
33 84
15 31
71 33
79 53
73 67
96 51
35 82
72 32
75 12
69 43
77 26
54 69
80 68
72 94
26 51
65 44
9 54
22 90
52 54
29 74
6 48
51 65
14 91
58 88
37 19
28 68
3 50
19 53
45 47
45 59
91 29
15 84
76 98
50 40
23 76
62 70
66 11
49 4
63 73
73 44
65 50
12 53
70 21
37 8
88 34
14 95
10 27
19 85
88 43
30 44
20 41
22 71
63 38
18 79
54 2
87 98
40 53
22 9
23 80
90 44
19 43
39 24
45 5
18 70
66 50
6 71
44 13
17 19
95 15
82 51
54 21
57 70
76 68
97 2
18 15
56 82
10 52
80 95
24 26
61 62
51 25
24 46
6 50
45 41
50 90
63 25
1 5
95 10
48 71
87 41
27 76
72 80
35 27
55 1
44 94
50 50
78 18
93 76
73 38
59 85
33 94
16 4
39 8
41 72
46 23
93 96
25 76
13 58
16 66
43 64
67 29
10 72
13 58
21 19
80 27
73 88
8 86
30 6
13 64
61 3
66 25
11 17
48 5
74 23
35 31
32 17
30 85
2 27
61 3
37 51
24 68
19 79
76 72
70 23
16 84
37 99
18 77
86 53
96 87
51 59
47 10
32 29
86 6
17 18
44 21
41 6
65 90
62 72
4 58
11 14
11 49
33 91
5 23
55 11
30 88
53 57
39 98
50 5
89 69
26 41
24 83
65 25
34 65
55 10
83 24
77 59
27 16
36 15
54 62
83 48
21 40
84 84
40 17
48 74
90 17
94 2
12 70
77 35
60 90
42 9
52 46
80 60
10 49
5 26
73 18
60 86
50 26
47 90
85 64
49 70
12 98
84 17
57 49
85 3
8 66
99 84
12 62
72 17
76 83
34 74
61 95
29 29
36 19
21 3
10 34
59 6
74 2
27 3
24 47
11 65
66 59
26 34
40 95
42 62
66 67
99 30
75 9
24 93
25 43
89 77
44 38
25 20
25 49
67 7
80 72
79 39
20 79
18 73
29 73
6 95
38 9
83 97
21 82
63 79
94 58
92 70
45 52
58 21
52 64
48 40
5 73
94 10
46 16
19 53
67 52
95 57
35 78
96 55
74 2
4 4
99 28
14 25
44 59
51 73
77 11
18 44
34 17
17 94
6 90
78 1
54 14
41 48
86 91
73 86
95 26
78 72
4 33
25 32
80 47
11 59
1 69
88 95
54 17
58 45
45 82
97 97
46 57
55 30
6 23
67 78
2 19
82 28
67 47
6 81
36 5
92 63
2 76
76 25
87 17
98 51
29 82
80 11
39 40
70 22
92 60
64 35
15 12
89 33
62 41
93 33
50 11
19 40
99 49
48 97
63 94
48 17
67 32
37 94
49 68
21 22
23 25
89 31
78 24
26 86
63 62
81 4
82 39
42 68
34 57
39 52
21 38
48 95
33 45
78 81
71 81
61 37
68 29
47 22
80 65
26 26
74 77
71 83
77 55
48 26
1 10
28 98
47 79
70 65
3 89
73 47
25 88
50 62
12 10
71 19
51 99
33 10
32 56
93 35
12 26
93 50
65 57
65 32
39 29
28 13
50 67
66 30
57 91
25 91
65 87
6 92
1 7
83 47
86 49
77 34
58 27
32 44
6 72
24 57
20 97
64 97
73 95
64 26
59 54
66 95
54 38
23 94
67 56
36 19
94 48
75 63
59 4
21 24
94 12
54 11
32 7
88 62
54 3
12 62
67 74
73 30
1 28
3 49
64 75
27 34
8 21
21 41
88 4
60 6
37 38
76 6
77 97
57 72
85 95
57 66
26 53
56 37
30 3
91 9
62 58
42 30
88 72
78 8
51 36
34 61
59 86
76 36
21 88
23 71
42 20
25 5
47 63
80 91
29 62
85 39
43 51
34 87
67 51
60 86
84 95
74 59
37 92
25 63
79 4
11 88
79 76
83 62
87 72
97 48
58 59
6 62
61 56
57 40
2 42
88 1
18 88
49 8
78 55
91 15
52 63
57 37
43 44
27 41
31 2
85 97
82 62
96 93
24 76
64 1
61 53
87 77
43 43
90 52
45 89
3 27
59 87
69 15
70 6
90 60
33 93
24 91
87 95
38 86
99 68
83 38
35 85
65 12
15 58
60 31
4 1
44 10
95 79
14 74
69 63
78 85
65 35
29 9
86 30
38 77
69 32
31 1
70 5
46 15
79 9
93 43
42 47
18 96
11 13
23 14
68 56
7 24
56 46
79 83
88 63
56 65
18 77
13 39
11 50
19 32
56 82
46 45
95 94
69 59
71 6
99 34
47 96
26 11
99 2
11 7
65 41
73 4
48 84
66 45
85 18
8 81
61 75
44 51
63 60
20 41
55 77
25 39
99 73
12 32
69 1
39 61
80 84
31 20
93 56
90 57
38 29
91 13
40 18
35 89
34 64
99 73
61 20
95 59
93 34
22 95
46 55
97 33
36 99
66 38
16 46
38 66
6 79
94 55
8 4
1 75
10 89
39 7
99 85
34 63
59 84
50 3
53 89
40 24
11 54
84 86
17 60
96 37
93 21
43 50
82 7
82 70
41 37
97 71
92 28
43 48
81 31
56 68
29 21
18 6
93 58
30 13
27 1
23 90
34 86
19 69
18 94
55 20
73 77
21 24
10 76
91 37
64 24
75 51
4 41
16 51
79 75
21 80
34 48
3 32
80 87
10 65
8 15
82 13
38 88
55 56
61 51
44 42
80 72
72 34
92 72
11 92
65 87
89 81
69 2
32 24
4 76
25 10
84 6
98 36
31 29
42 58
78 4
3 61
64 22
1 38
95 52
24 12
94 53
24 27
82 22
45 79
10 90
88 31
92 12
34 94
27 29
63 52
31 45
28 60
46 27
40 81
52 61
24 17
42 35
86 37
65 40
9 62
81 76
3 18
61 46
1 15
24 95
16 47
24 73
19 47
66 39
24 95
31 32
2 99
37 98
78 41
58 51
50 25
72 83
67 14
51 74
53 66
94 68
85 39
68 61
85 78
64 73
96 39
4 32
52 58
58 52
39 75
38 89
75 88
22 13
39 78
61 22
18 79
26 65
33 50
20 47
34 9
5 4
40 70
96 81
89 4
34 88
91 31
63 85
7 58
1 88
82 31
71 48
95 92
67 55
13 70
67 89
97 9
93 43
80 60
90 41
55 68
5 76
11 81
14 69
23 82
36 67
10 39
80 27
62 18
98 96
47 64
74 8
53 35
33 33
26 54
35 31
73 35
72 10
35 45
50 42
62 58
74 40
76 47
95 88
4 66
79 55
55 22
52 8
21 67
22 22
6 27
97 25
38 37
52 83
60 56
96 84
85 6
29 97
34 59
36 50
11 86
11 5
93 21
85 28
50 96
97 24
55 3
21 19
1 82
10 98
53 86
95 91
89 37
58 13
58 1
99 92
59 35
89 35
73 38
78 11
40 64
76 89
90 44
94 65
40 39
99 97
71 8
2 86
87 93
50 44
64 79
44 60
96 44
52 12
36 51
77 50
80 21
38 51
59 96
50 39
4 53
75 70
14 77
39 56
10 54
56 38
8 47
4 25
31 63
9 54
88 26
16 85
57 20
27 47
4 87
48 88
81 1
68 59
99 59
73 42
42 80
17 99
6 1
64 90
48 5
72 18
46 69
16 27
79 22
19 13
63 36
90 29
51 9
37 65
42 38
66 31
41 58
43 50
38 90
51 48
99 64
58 53
87 6
6 2
50 98
76 55
67 96
44 91
51 96
42 50
33 33
99 54
5 61
56 15
94 15
66 61
48 8
66 30
5 48
60 29
36 2
80 18
5 1
3 70
98 62
74 27
33 71
84 1
48 58
13 35
13 11
21 21
97 64
21 71
54 97
12 53
54 27
88 66
13 53
45 51
51 16
13 44
93 30
99 1
40 88
14 21
78 67
78 40
47 98
36 92
64 49
32 5
3 75
23 22
46 42
85 49
95 53
66 53
34 96
93 42
35 1
36 40
71 10
99 63
70 89
10 79
7 23
33 37
10 89
42 52
32 3
60 82
26 40
88 99
68 41
12 7
25 74
78 44
97 81
94 8
92 5
94 36
76 98
96 34
59 96
43 94
79 37
20 36
64 87
37 27
47 82
31 17
13 44
39 3
76 60
4 52
86 19
16 90
36 88
7 46
88 15
6 72
4 18
72 13
9 95
5 19
77 45
7 72
62 3
16 57
14 92
53 12
64 19
98 38
10 17
89 22
46 79
93 85
81 69
41 85
11 93
25 25
73 58
27 63
14 30
96 71
34 25
17 48
47 5
40 38
85 66
89 10
66 34
86 51
63 41
89 23
56 36
50 41
2 32
59 91
38 68
77 67
10 21
72 8
34 42
79 34
19 16
82 95
99 77
52 42
86 87
1 61
38 53
57 67
52 89
26 23
76 82
91 17
73 13
81 46
21 62
2 58
19 79
34 4
49 22
82 69
73 79
17 46
9 35
84 44
84 61
24 66
71 55
80 13
8 12
66 71
10 28
69 79
35 70
99 33
88 74
84 56
93 60
81 5
87 69
64 12
67 42
72 62
91 56
81 79
59 37
85 84
90 13
85 24
85 48
14 4
82 65
6 57
65 31
64 76
15 73
17 6
70 13
77 49
61 80
32 52
83 53
79 68
77 9
67 54
74 21
46 82
6 54
85 4
36 63
36 55
15 82
2 36
77 35
10 91
86 60
36 69
45 53
67 17
12 75
28 94
87 87
27 94
3 85
35 59
55 21
15 82
42 88
22 76
21 60
51 67
17 54
35 76
4 92
97 53
14 29
7 48
66 75
67 15
47 48
40 57
80 67
72 42
45 30
51 66
17 46
91 66
33 28
47 70
56 59
80 24
79 85
84 22
91 64
48 28
57 9
99 45
30 4
16 70
16 81
60 10
4 59
74 97
92 82
31 45
85 25
18 99
4 39
69 40
47 3
12 82
16 36
93 21
74 76
74 26
39 54
9 17
50 51
28 29
15 30
23 54
86 60
39 99
9 9
19 38
73 67
31 67
7 69
31 88
76 72
2 91
76 17
9 42
29 31
28 25
54 29
39 86
75 3
11 13
59 8
38 9
2 47
8 77
27 21
54 88
50 18
21 91
23 85
64 89
38 65
51 12
7 87
74 4
15 50
41 3
60 42
58 71
69 9
55 3
62 51
42 71
91 88
62 12
2 31
21 44
40 50
58 36
80 38
12 75
50 35
72 70
88 6
55 14
76 50
51 48
51 90
46 96
64 51
56 30
15 11
70 74
95 3
53 4
74 58
62 7
54 32
69 8
83 13
69 53
33 77
80 46
43 48
87 57
24 52
64 27
24 5
39 14
81 21
18 1
80 51
86 21
77 38
26 39
29 80
44 22
2 62
73 11
57 24
27 62
78 22
4 41
12 14
8 15
60 73
47 87
91 42
34 52
85 57
34 88
65 51
84 83
29 4
25 13
39 92
88 76
95 6
9 77
76 79
83 94
43 56
74 4
75 34
68 94
16 58
88 76
75 20
40 10
58 88
45 69
95 11
43 29
18 98
50 3
81 93
96 37
93 46
93 59
10 23
22 37
24 68
42 26
26 34
66 15
26 17
72 45
58 59
50 67
17 9
29 66
81 85
42 82
5 41
92 16
42 89
93 5
77 90
39 83
48 44
56 4
30 98
42 73
90 79
61 93
11 81
49 26
33 73
56 85
60 31
22 67
51 45
6 35
30 91
31 24
27 50
86 25
77 82
99 17
79 59
89 9
72 16
78 88
71 35
24 15
9 97
2 26
41 76
46 54
80 89
7 17
24 20
36 92
19 47
11 23
76 3
41 26
83 29
61 14
30 38
26 98
90 59
12 49
40 59
70 37
36 72
89 26
26 50
94 27
9 53
86 64
9 48
97 85
86 81
8 68
85 8
34 79
65 3
6 43
37 22
6 20
19 71
12 57
32 53
83 28
55 40
8 43
4 91
79 16
87 40
85 78
74 90
17 7
66 74
89 52
71 37
6 38
10 98
79 23
75 27
54 46
33 76
11 9
27 44
32 80
84 44
47 72
34 43
31 77
90 23
32 16
82 74
67 18
85 60
14 76
81 29
58 86
81 25
77 40
83 31
28 28
69 23
15 99
18 51
21 53
27 20
82 37
63 13
36 28
40 76
88 90
78 77
83 59
97 31
34 33
91 25
91 27
52 33
18 36
70 76
77 43
1 54
17 60
85 87
51 65
3 41
71 21
84 49
79 8
48 35
38 17
45 55
23 62
73 72
74 96
83 77
6 89
14 63
91 52
65 28
20 13
86 11
82 50
90 44
30 35
10 71
38 94
30 90
96 3
34 52
13 5
28 89
92 29
84 82
4 68
10 22
5 69
44 62
96 47
13 98
6 89
3 4
41 90
47 38
81 66
81 44
62 58
10 39
47 32
67 59
5 84
8 44
8 18
90 6
8 54
47 67
13 80
75 92
54 64
87 71
41 22
66 3
12 36
20 94
27 24
51 45
59 83
91 4
45 98
24 92
72 74
34 10
9 16
91 56
17 27
5 61
24 21
98 84
87 33
52 65
7 62
32 67
33 34
9 60
21 36
95 50
30 1
58 9
73 4
25 76
1 85
50 12
97 1
49 58
93 88
39 32
50 78
56 38
60 82
14 94
5 50
74 9
43 14
69 88
86 24
44 2
63 76
40 89
94 22
74 9
3 25
16 29
9 41
66 65
54 26
31 78
67 63
64 50
55 28
69 27
31 49
29 17
60 49
75 74
15 31
15 62
81 28
91 15
24 67
69 25
3 76
71 75
29 95
84 74
58 24
67 93
3 4
79 2
16 95
57 49
82 26
84 99
21 56
65 82
71 97
33 67
65 37
28 99
20 45
95 61
32 3
60 42
89 86
56 50
86 68
33 78
37 78
96 60
98 23
40 42
48 27
38 70
95 42
94 14
58 52
12 82
76 21
38 87
57 41
22 33
48 20
1 42
29 76
70 89
58 55
5 58
78 83
34 4
28 57
3 97
93 51
63 14
89 47
97 83
87 88
16 9
56 45
80 84
18 47
97 16
17 76
31 35
84 7
45 46
54 26
93 6
64 10
19 21
58 80
79 70
68 91
83 67
95 5
9 36
56 75
58 28
99 42
38 72
79 16
61 2
42 1
46 37
70 30
3 97
80 99
58 42
17 72
32 10
23 8
32 29
82 72
96 22
47 23
12 86
24 14
66 99
45 35
40 27
51 55
36 12
7 11
66 87
74 37
58 64
59 26
47 72
83 3
75 77
18 97
72 50
74 42
11 64
66 32
88 46
9 53
50 9
45 23
4 12
47 99
1 8
18 63
51 34
70 36
27 37
69 27
62 29
26 49
34 28
81 77
4 46
62 1
55 38
57 81
92 25
68 21
22 36
52 99
14 92
49 50
61 81
44 63
95 35
56 73
78 64
21 89
19 67
90 57
59 98
13 5
34 56
41 45
66 25
89 4
10 13
42 7
54 95
88 96
87 60
25 98
3 20
30 26
91 71
69 90
60 65
68 18
31 15
43 74
4 35
11 77
64 2
36 28
71 58
2 46
40 36
98 2
26 13
13 52
50 36
74 24
88 97
47 44
38 82
33 12
38 21
70 64
31 48
9 98
82 14
70 26
64 34
30 33
32 61
4 44
6 17
15 61
6 92
90 63
20 20
75 76
54 51
80 29
88 42
1 11
1 96
6 27
7 47
6 6
33 2
93 8
62 29
85 29
2 75
15 62
67 61
11 67
1 35
69 32
87 37
37 56
37 39
60 77
17 93
27 55
60 45
82 85
19 55
58 25
46 97
13 93
81 12
51 14
45 42
72 83
54 59
47 56
74 73
8 10
47 65
12 6
79 72
61 25
19 6
79 21
22 28
46 51
20 57
21 45
34 98
3 39
34 88
79 16
80 20
95 11
73 36
5 67
90 23
21 33
60 19
38 62
90 67
85 21
92 22
94 68
64 20
20 79
64 88
22 65
11 94
63 45
18 70
2 23
4 64
63 79
57 17
64 82
73 62
66 4
95 81
64 66
63 35
86 65
73 40
2 46
85 50
57 6
49 38
54 53
84 41
99 97
55 9
82 28
70 52
17 82
47 47
93 43
57 21
3 57
51 12
5 22
5 73
70 22
6 55
90 23
94 6
43 99
58 15
56 88
87 69
90 5
34 68
98 79
19 19
24 84
25 78
35 99
36 32
99 50
12 57
41 44
32 24
88 27
71 19
48 50
31 40
26 88
72 98
11 55
13 5
82 84
75 77
25 3
27 91
35 55
95 5
90 41
96 20
53 19
72 75
82 19
36 13
1 22
15 85
25 93
68 18
41 56
92 92
84 93
52 57
90 53
94 52
52 93
18 72
58 1
64 87
80 3
8 85
6 32
79 71
29 47
16 42
64 89
75 51
26 75
67 82
31 47
97 79
8 7
77 73
55 38
27 7
12 63
37 71
45 45
61 33
36 6
90 49
4 25
85 30
97 94
26 71
20 82
76 49
65 54
71 99
29 27
2 73
35 51
52 66
56 29
4 39
61 21
14 29
94 40
25 89
19 54
62 17
97 3
99 61
69 75
94 74
21 28
14 44
62 46
3 50
82 21
98 64
97 53
90 48
85 13
79 68
33 99
19 14
72 25
32 10
22 48
21 51
3 88
87 26
2 37
52 22
61 98
97 75
18 21
47 36
57 77
91 23
10 31
7 93
14 50
65 73
32 26
79 90
66 61
67 54
70 17
78 67
90 34
8 75
4 98
25 83
8 81
32 55
90 16
34 27
56 19
36 92
77 2
24 68
45 64
22 62
26 46
70 59
14 26
79 6
41 76
88 56
18 85
90 30
45 43
21 96
69 8
77 23
26 38
23 44
36 63
86 17
69 86
65 36
12 23
40 6
24 81
18 27
78 58
41 19
69 25
93 84
36 44
53 73
52 69
87 18
35 15
48 80
16 30
18 49
50 72
81 55
21 11
88 26
10 71
75 42
47 5
98 16
93 24
41 71
47 67
32 41
50 70
37 67
64 67
35 7
34 26
36 4
47 36
9 44
82 58
51 94
78 11
85 29
98 74
71 10
94 3
57 37
12 64
67 3
88 80
14 30
69 42
67 78
33 11
5 48
91 1
4 39
14 64
86 16
15 91
17 50
38 81
67 68
35 27
14 78
17 95
72 56
83 35
11 91
45 75
70 12
6 4
48 59
10 74
78 57
32 16
38 59
42 64
70 67
3 63
53 33
3 77
87 34
11 68
87 68
71 19
84 32
10 24
30 3
45 41
1 21
82 42
50 80
41 10
96 92
47 12
47 73
31 37
16 83
71 50
47 57
35 37
33 29
19 45
64 50
96 50
23 72
32 85
23 54
94 14
5 41
50 89
34 84
89 50
46 10
91 50
3 99
34 73
98 99
61 24
36 47
40 86
41 13
93 21
40 74
73 33
41 25
93 93
85 43
92 23
87 1
99 60
46 31
48 41
55 50
40 55
69 22
75 16
6 51
50 65
47 78
90 16
42 22
73 83
61 73
40 66
77 18
20 45
15 4
65 54
22 32
11 33
70 10
9 69
42 13
84 18
19 82
19 13
12 19
74 84
13 16
29 76
91 39
95 73
58 62
25 10
37 29
78 14
53 56
46 36
74 50
38 20
17 71
18 82
28 55
25 80
36 79
87 27
73 4
83 56
94 37
2 64
38 27
79 96
72 10
25 92
79 81
94 13
64 86
30 1
23 5
27 1
53 52
48 46
53 25
20 92
87 9
21 32
54 26
43 89
1 84
75 71
84 98
71 9
11 35
82 81
64 33
66 44
74 12
86 61
36 59
92 63
8 5
35 85
78 97
89 68
87 46
24 8
39 76
95 91
97 97
59 86
41 63
44 32
78 22
96 49
50 22
98 78
52 56
71 65
95 53
61 76
5 12
53 22
92 10
59 43
91 10
71 65
53 17
63 16
2 53
28 93
60 52
58 14
80 69
9 77
19 27
20 95
39 36
41 27
80 96
8 81
24 89
85 2
16 64
2 45
33 51
71 6
49 96
32 70
77 30
34 32
27 46
63 1
30 59
9 31
7 23
61 27
28 95
66 25
28 35
46 45
70 61
44 76
59 63
37 29
54 2
84 49
37 37
56 20
60 85
86 95
80 54
75 89
85 29
79 98
21 41
70 10
13 14
4 7
19 22
77 29
5 79
97 48
11 56
74 18
72 97
22 36
28 71
12 57
64 94
23 80
81 53
19 41
14 19
52 15
65 88
88 50
27 30
50 46
41 52
5 90
84 43
53 16
44 68
64 43
63 19
96 99
39 68
66 30
79 48
13 48
78 94
8 20
35 35
87 31
38 91
8 57
11 62
37 17
75 29
89 58
44 34
54 11
11 22
76 20
6 15
52 76
50 92
21 7
50 41
74 28
46 14
63 15
2 84
70 9
76 47
9 27
16 10
45 73
75 89
87 41
32 83
89 52
64 99
41 93
11 10
14 48
52 9
89 69
14 58
54 58
95 26
75 70
75 14
82 10
48 48
19 7
53 50
92 78
72 64
3 65
67 3
18 38
57 7
57 74
28 38
25 64
10 48
5 76
6 27
49 62
91 59
73 64
43 15
64 92
24 39
26 80
74 33
7 2
16 95
30 80
75 52
32 42
20 56
96 94
20 23
3 95
99 95
97 84
34 29
80 8
2 90
82 50
14 82
38 12
81 12
1 44
55 84
21 80
69 76
8 81
51 97
34 11
7 36
19 36
20 19
91 93
18 84
87 41
32 42
45 80
85 68
12 24
9 48
90 54
65 37
56 96
58 93
97 98
29 39
75 67
49 39
53 10
68 11
58 2
92 27
20 76
52 89
1 15
33 29
71 61
35 83
53 10
30 3
29 57
96 1
35 84
30 2
42 35
65 74
39 85
41 73
11 47
36 77
23 8
28 46
78 63
39 94
93 89
21 65
84 43
61 70
54 7
56 84
79 88
77 89
22 36
9 55
56 11
12 4
39 88
46 62
23 56
83 19
94 86
86 78
67 62
21 73
2 56
41 98
21 35
96 96
29 32
38 26
17 28
23 64
52 3
89 6
74 77
38 1
56 73
59 21
52 40
45 51
44 76
34 10
31 69
51 51
11 18
11 87
3 50
28 35
68 52
74 57
22 1
17 27
82 64
27 38
83 71
53 87
45 73
14 18
21 43
12 21
68 81
19 83
98 47
97 95
29 64
26 18
46 84
7 64
67 11
44 2
54 14
67 35
38 82
74 55
75 45
77 65
48 67
77 11
75 58
58 44
39 55
3 10
13 82
51 58
82 57
16 19
52 3
68 14
95 13
32 7
92 57
61 99
26 76
33 48
27 76
42 97
79 82
77 3
33 2
78 24
5 60
68 19
7 65
44 61
70 41
49 99
55 44
77 83
77 17
58 98
94 68
32 49
40 80
76 40
34 95
97 7
59 7
68 23
22 2
15 37
6 74
7 30
67 55
15 15
77 49
80 25
49 88
59 49
23 96
17 5
17 27
96 40
62 9
1 53
26 89
89 28
91 58
24 37
14 53
96 86
52 33
42 90
63 26
45 21
5 87
16 60
67 42
52 39
44 64
51 61
94 52
55 75
88 20
21 45
69 62
43 37
15 1
46 97
87 40
93 53
80 70
34 3
85 40
87 23
69 31
57 90
65 74
45 37
21 80
29 7
39 4
60 82
34 28
50 37
8 22
39 11
59 72
73 84
18 75
17 20
31 6
81 58
84 3
66 31
33 43
50 91
96 67
51 76
43 17
43 52
69 67
28 4
28 67
9 69
11 14
1 90
99 63
32 48
16 99
61 79
32 69
93 33
5 13
80 32
44 45
17 92
15 56
79 10
4 56
84 10
5 14
97 20
4 77
35 40
86 56
30 23
64 83
70 44
4 96
70 99
36 1
53 36
81 69
35 89
64 86
28 18
21 9
53 63
48 11
97 7
68 3
67 78
92 10
74 27
38 83
26 54
15 67
1 3
65 49
20 55
48 92
13 42
93 4
54 2
15 78
69 76
86 86
15 29
59 93
96 75
35 13
25 97
20 50
59 28
73 16
60 4
61 15
25 28
30 94
48 97
64 55
96 66
58 19
20 38
56 51
25 88
62 10
5 59
74 32
56 47
24 49
88 66
34 16
41 77
31 98
25 93
96 49
49 23
90 57
85 58
80 32
23 67
24 69
74 51
94 55
74 16
20 60
19 89
41 88
36 54
55 12
87 5
27 53
24 20
27 51
30 96
75 40
93 70
7 59
80 36
14 10
85 1
39 14
41 1
23 77
94 17
17 76
5 9
50 70
90 77
71 72
84 11
11 21
80 43
63 88
64 52
64 88
46 86
90 44
77 96
25 49
84 21
38 28
31 80
9 28
79 99
77 60
21 19
51 57
48 22
59 39
87 92
34 26
49 13
62 59
84 37
95 14
52 69
64 65
89 38
86 3
26 65
50 67
81 88
99 25
63 46
78 35
43 39
32 97
98 16
70 31
72 99
66 71
53 10
77 80
80 22
73 62
13 77
4 26
39 50
63 40
35 82
65 5
4 6
63 41
24 54
88 1
17 97
91 33
77 40
60 65
9 98
35 85
27 16
85 65
31 35
92 96
7 87
77 1
27 4
23 2
91 38
24 1
79 50
36 45
94 4
34 2
6 3
86 22
23 18
21 13
63 89
78 60
91 50
50 15
98 26
52 98
41 87
68 32
17 44
59 1
6 20
78 3
96 7
44 28
38 3
9 86
25 85
6 98
34 88
18 19
15 40
10 70
93 22
69 25
9 4
63 55
42 92
89 1
56 53
78 4
43 54
79 62
15 53
71 95
45 66
58 45
20 45
29 13
10 10
48 10
6 10
3 91
93 94
18 29
77 43
16 95
20 67
23 48
3 92
80 45
3 20
35 87
75 98
43 13
18 99
18 92
18 99
46 72
28 93
80 24
86 16
55 61
4 35
90 30
82 80
1 76
30 78
6 6
90 33
25 22
1 35
94 91
49 55
65 38
97 28
85 48
60 16
72 2
61 36
55 52
20 59
23 78
69 44
36 3
22 41
84 75
30 33
19 81
46 69
96 59
1 17
58 9
1 24
9 43
99 38
43 77
99 3
21 83
95 46
56 56
51 7
13 81
32 54
83 32
95 94
28 51
60 17
64 98
4 24
91 28
74 89
62 33
36 81
25 11
73 4
60 70
36 7
44 17
79 51
75 17
82 44
16 70
74 8
85 29
43 65
17 42
42 27
54 44
63 90
33 78
92 33
25 72
33 15
30 70
94 40
22 99
7 52
40 90
55 79
97 40
71 58
99 89
20 65
13 11
28 4
58 13
84 90
69 96
49 21
41 44
8 71
27 1
33 45
67 9
51 52
96 21
66 49
82 35
46 26
62 33
90 2
93 30
21 28
77 74
13 50
28 99
88 58
43 5
48 29
20 60
44 63
17 72
86 66
43 94
18 78
20 42
43 57
64 59
52 50
44 72
85 40
11 94
16 10
80 27
29 77
18 76
58 14
90 82
12 93
60 11
38 36
85 65
81 67
77 57
53 75
13 45
34 58
25 41
94 12
56 15
5 74
97 49
54 97
68 34
81 34
58 92
41 39
24 84
83 60
7 96
47 48
68 67
55 41
15 94
6 41
40 97
7 2
88 21
48 40
60 13
23 98
80 21
59 3
51 20
75 78
99 92
2 17
23 25
60 46
15 15
7 50
81 32
52 93
91 89
85 34
4 34
35 33
70 77
80 92
1 88
7 7
49 73
76 11
33 42
6 61
57 16
6 95
36 42
42 8
15 92
26 50
75 24
68 13
55 81
45 78
11 7
13 97
81 23
24 63
3 85
77 54
38 76
77 52
55 51
10 57
75 34
68 89
28 70
22 88
19 89
60 14
85 73
94 39
20 7
58 94
25 47
57 41
92 2
44 96
7 46
66 41
79 58
34 92
22 52
54 46
26 91
33 50
11 2
75 49
82 72
58 37
47 43
89 69
23 74
75 17
46 1
56 30
46 48
17 86
45 19
8 45
37 21
64 6
69 13
20 41
91 64
39 82
1 65
53 77
19 72
93 65
18 11
31 19
66 48
24 51
98 9
94 16
66 25
16 70
80 16
93 67
38 68
85 41
2 56
1 14
2 53
43 8
86 60
36 67
96 66
99 36
1 25
41 65
56 21
3 89
94 23
44 9
70 24
68 60
78 75
65 17
5 68
72 15
37 89
59 96
34 56
48 72
30 95
65 75
42 54
39 93
88 42
12 92
99 77
84 78
36 63
63 67
66 60
42 48
65 23
49 90
3 66
41 49
81 35
27 54
10 16
79 90
94 10
56 41
43 82
63 73
93 74
1 15
25 37
70 88
6 40
47 15
96 93
48 26
95 56
8 49
82 89
50 85
93 80
63 99
36 73
18 79
95 6
59 57
56 86
45 33
52 39
57 74
97 70
17 10
81 79
36 19
36 78
80 34
40 89
64 31
77 88
89 73
96 29
41 48
64 52
55 43
5 1
71 64
65 34
1 61
9 37
54 91
8 17
36 93
51 18
1 56
65 86
39 39
68 65
89 53
72 25
31 25
70 12
42 66
43 73
74 4
81 23
32 36
18 87
44 39
21 71
46 61
52 65
84 84
67 33
52 45
6 69
28 10
15 34
40 82
18 66
80 44
91 20
84 11
35 75
32 41
40 80
25 46
61 38
74 52
17 23
28 44
90 65
73 65
71 11
8 84
62 78
37 53
30 51
59 57
75 38
59 25
67 19
87 58
12 9
47 40
46 80
91 9
27 12
37 42
61 3
75 49
78 25
90 6
71 89
57 37
48 5
92 37
97 96
62 13
67 5
53 81
47 90
34 14
83 82
15 15
5 37
98 34
18 3
76 33
80 47
63 66
27 4
39 80
97 28
82 86
31 10
55 42
99 95
84 18
93 20
48 99
44 41
41 19
43 38
82 17
48 88
21 79
93 87
69 25
35 30
26 30
38 16
36 49
32 82
92 47
23 6
57 38
45 61
40 72
52 97
38 44
83 86
19 48
17 78
73 73
59 55
64 88
37 81
93 30
77 30
53 1
80 24
58 83
61 80
15 79
55 71
75 34
93 89
44 51
21 82
40 57
1 73
76 2
85 89
70 21
42 93
28 1
16 55
5 36
68 7
8 37
34 69
14 78
42 43
50 55
23 52
83 60
80 94
17 97
31 46
48 88
2 40
57 80
83 46
25 99
24 91
48 12
64 9
92 75
77 9
71 50
62 84
90 9
6 55
71 38
8 4
21 34
23 59
15 87
65 6
50 41
35 68
12 75
97 13
54 89
1 7
48 21
52 28
82 52
36 71
55 8
47 64
25 49
73 76
52 47
34 43
92 15
42 95
44 6
26 90
19 96
88 78
49 27
49 45
21 51
28 80
53 68
82 58
73 93
85 67
38 70
73 82
69 45
99 75
31 47
54 15
1 85
48 71
48 56
18 40
53 31
97 86
42 95
31 34
84 51
58 56
97 86
34 9
44 90
95 47
2 28
24 87
60 96
26 35
88 14
40 92
47 56
40 91
7 35
71 58
38 7
67 33
18 58
65 60
58 32
63 93
81 68
83 55
29 40
56 65
93 15
56 51
65 16
71 95
36 33
34 55
51 65
61 23
89 8
97 31
22 62
52 53
77 7
46 64
97 47
62 37
28 58
99 1
9 79
71 64
37 11
2 61
32 22
2 76
49 55
57 97
72 99
74 60
29 62
25 53
52 94
83 4
37 3
42 35
49 20
86 93
62 30
94 17
65 27
51 64
36 81
86 12
63 1
66 64
47 80
20 93
52 20
58 56
36 19
64 37
55 64
52 54
35 51
87 73
10 75
20 91
22 45
66 51
27 24
67 12
20 45
90 63
91 22
24 38
70 9
86 43
14 23
66 39
53 2
36 42
44 73
82 30
64 93
84 79
9 10
26 11
48 5
65 81
48 49
28 72
97 9
83 38
18 38
51 60
75 70
56 74
64 13
69 43
65 98
44 68
83 58
5 46
18 99
90 63
37 48
88 69
95 81
31 44
53 19
27 15
43 2
58 3
93 34
14 32
56 7
25 82
91 50
48 40
12 38
49 38
53 82
57 66
74 90
37 68
89 10
41 41
31 24
96 6
35 61
11 23
6 25
16 72
39 87
56 30
65 76
65 35
24 69
59 87
97 22
49 12
27 55
56 6
9 50
36 21
28 19
76 8
85 8
88 75
74 1
27 85
34 19
76 58
3 52
42 50
28 61
97 54
13 61
1 27
56 39
50 23
81 27
24 78
89 54
80 82
18 77
59 86
15 24
1 6
79 55
69 39
30 2
65 52
95 8
46 41
53 13
94 60
60 31
18 30
99 91
28 87
53 38
81 27
54 51
26 96
86 28
98 20
33 76
6 32
46 29
51 19
55 99
75 89
66 26
25 86
59 16
92 46
37 81
93 55
58 21
30 69
95 93
43 30
47 73
65 19
83 25
82 86
46 66
22 8
13 18
86 91
10 13
9 81
65 31
51 7
10 48
93 3
90 15
5 90
12 86
47 6
90 79
58 7
39 85
70 54
22 56
68 53
72 44
59 40
45 41
7 90
54 56
43 6
33 4
93 13
41 10
39 41
19 33
88 95
14 72
28 48
69 45
58 82
46 31
63 73
24 14
34 43
10 40
24 80
96 25
69 34
26 93
70 72
43 80
32 31
3 64
15 51
58 90
29 12
56 91
17 74
5 65
34 7
7 52
42 98
6 55
54 93
63 48
69 43
50 73
10 52
91 95
10 73
28 85
87 36
7 69
37 19
9 54
19 31
1 4
68 62
2 59
32 39
14 87
90 35
28 85
51 56
52 82
68 94
12 13
13 70
58 4
34 35
7 65
11 9
78 58
62 70
20 98
82 39
65 13
11 33
55 28
62 30
13 56
28 33
99 20
68 78
60 14
68 21
88 61
32 41
32 59
1 12
48 36
77 12
27 35
79 91
87 42
33 78
26 33
12 74
94 36
24 82
11 99
34 45
20 93
27 25
97 42
92 75
56 91
17 88
4 63
47 13
6 91
8 95
36 24
50 98
24 5
81 7
87 98
10 13
19 24
28 40
53 16
82 57
49 69
86 15
10 31
34 52
82 82
40 47
40 23
7 32
72 3
21 82
57 7
62 14
94 34
5 22
24 12
16 7
92 33
79 63
72 88
27 71
9 29
87 68
51 42
28 79
64 1
46 77
53 9
68 44
45 67
45 21
14 58
28 86
7 63
91 42
35 19
55 73
82 66
28 32
57 75
44 99
79 21
37 96
96 10
59 56
34 81
38 66
17 91
52 64
74 9
99 57
97 30
7 91
34 98
72 39
13 42
33 79
71 81
95 44
64 9
28 2
50 57
11 84
6 22
49 94
62 76
24 70
78 40
45 69
76 95
21 23
79 8
63 6
73 7
49 92
93 20
69 21
55 49
76 7
3 15
83 54
84 11
34 17
32 72
68 52
14 98
55 3
58 29
24 37
81 37
58 35
5 83
27 74
61 47
77 56
67 95
83 1
63 87
12 53
39 63
58 23
23 74
5 43
88 86
37 60
20 43
94 82
4 38
25 11
88 35
33 36
18 89
30 31
32 36
38 85
20 79
41 75
1 80
84 67
56 23
60 19
15 98
68 96
19 63
63 84
82 15
19 19
16 52
51 83
19 15
46 37
65 65
88 47
10 32
43 32
1 85
74 74
69 54
11 77
95 43
60 16
12 27
67 70
70 81
25 13
96 49
22 5
58 67
86 77
9 4
11 8
44 88
68 5
96 44
99 64
10 79
21 72
6 96
1 53
6 46
10 71
52 70
75 93
88 30
33 60
47 70
39 28
9 50
68 25
92 57
53 62
13 55
8 3
92 43
36 10
6 43
25 93
7 81
33 7
16 59
96 73
70 43
35 20
38 51
4 23
92 95
35 62
31 49
53 34
96 83
22 89
59 24
7 92
67 76
81 95
99 25
5 81
78 47
12 44
86 53
47 57
4 76
77 37
26 90
78 6
44 16
48 57
27 32
82 57
18 35
48 21
39 6
23 93
4 24
51 60
17 63
82 34
45 94
13 2
96 78
16 63
29 48
7 19
75 84
62 19
2 3
59 46
30 31
76 48
2 86
37 56
56 36
62 93
47 64
35 41
97 63
28 37
23 74
65 26
66 7
70 58
82 52
97 82
6 2
70 23
63 23
15 78
31 63
32 69
44 81
76 41
81 98
57 73
65 71
52 60
17 89
20 68
65 30
70 57
39 35
13 85
86 52
73 49
26 53
48 14
84 76
31 42
76 25
49 38
91 9
14 32
92 95
6 40
8 57
31 5
37 21
55 99
71 48
30 1
19 69
12 22
62 2
83 21
14 52
14 20
54 71
47 44
57 78
21 79
35 38
91 87
48 48
44 14
15 80
67 39
19 58
51 69
28 96
91 56
35 36
36 59
85 30
5 17
23 80
34 33
31 23
77 24
74 29
3 31
21 84
72 32
44 32
55 71
51 77
49 86
25 49
94 59
88 42
82 78
82 32
30 14
76 84
3 7
10 24
55 99
99 94
68 32
46 70
7 88
34 74
2 55
96 23
67 40
42 56
59 95
23 74
14 21
25 87
80 82
43 71
63 29
57 71
42 39
18 93
39 83
15 19
62 6
52 67
73 29
78 35
97 78
43 39
14 22
12 48
78 89
53 37
43 78
15 18
68 65
11 68
55 4
21 90
1 62
19 79
24 87
73 79
22 59
87 76
89 57
51 53
72 11
77 18
39 30
61 58
47 47
64 49
34 34
91 97
1 97
54 49
5 94
94 32
88 8
67 54
98 46
11 65
93 18
35 91
42 85
53 66
45 55
26 76
39 77
32 86
27 77
6 47
81 63
7 20
90 90
5 29
70 34
47 44
40 1
33 6
6 21
17 53
75 82
57 4
50 54
97 30
40 74
27 74
22 74
98 33
72 6
16 48
50 22
40 37
2 70
63 20
20 75
63 60
83 57
64 16
80 8
48 68
63 28
15 70
82 1
98 55
11 83
26 19
27 62
60 37
58 7
35 31
42 59
47 79
41 74
34 97
31 83
68 57
91 30
96 40
66 31
63 27
40 28
26 8
54 29
16 98
68 9
26 79
71 12
28 11
66 78
74 34
53 63
19 65
44 91
37 92
97 60
80 85
39 31
78 95
45 13
12 4
97 40
68 85
43 28
76 16
47 96
15 71
89 57
19 17
46 8
10 38
43 92
53 8
20 14
86 80
6 7
44 94
59 84
85 30
82 65
41 30
57 10
9 93
99 39
91 5
14 55
84 76
48 99
76 3
62 4
42 70
42 33
83 56
28 9
53 16
95 55
61 45
79 81
6 2
57 44
94 5
40 83
85 16
21 1
47 91
51 90
46 86
89 45
39 21
30 78
65 59
68 38
16 72
17 44
12 64
4 5
14 84
73 56
97 19
28 80
42 10
58 40
35 77
8 4
28 11
16 85
94 65
16 95
46 82
37 19
76 78
18 42
21 19
54 10
57 52
34 58
46 5
35 34
2 81
14 1
6 77
95 65
39 34
96 11
67 37
3 21
32 51
45 92
16 77
37 11
98 52
79 99
38 44
94 36
97 22
52 37
8 24
89 47
76 33
36 18
82 73
68 39
4 37
68 12
97 7
28 76
31 45
71 34
76 83
91 24
36 5
90 89
12 31
18 79
75 24
33 14
19 55
77 91
56 54
75 27
10 62
67 91
61 38
99 95
4 40
99 73
10 4
63 39
5 33
93 46
3 49
28 90
25 14
23 26
21 33
80 59
49 9
16 64
4 68
9 58
85 70
56 94
73 4
5 25
80 94
51 96
83 15
31 33
72 48
65 63
46 97
13 85
79 70
34 69
34 95
31 33
2 50
58 24
64 20
94 4
84 94
68 51
10 82
4 50
27 50
45 99
44 21
66 69
77 78
57 86
15 94
39 38
31 94
33 66
32 40
16 96
36 60
16 27
84 46
53 43
98 76
87 37
99 68
8 14
14 87
71 52
15 51
86 91
63 20
43 37
41 61
64 77
89 25
63 92
80 4
54 46
58 15
83 10
70 25
33 55
7 36
84 80
14 69
26 46
73 7
41 88
6 93
24 32
97 70
81 81
18 70
6 71
60 67
10 13
52 6
55 88
93 10
95 53
49 93
79 71
15 47
62 25
64 43
55 8
91 54
49 2
75 94
5 61
22 26
96 85
43 5
97 20
61 47
47 59
67 24
92 86
11 20
72 55
8 88
98 13
97 15
29 79
18 61
59 21
68 85
29 91
29 99
79 20
39 43
8 91
95 62
44 13
30 25
60 40
77 17
23 30
98 78
55 63
49 79
66 86
41 9
40 11
73 40
36 63
16 61
10 42
28 63
7 42
57 46
96 59
17 49
85 66
63 10
16 16
8 78
46 90
11 37
72 4
93 62
28 22
60 80
87 19
30 87
69 56
48 3
12 75
81 80
47 98
27 66
37 20
51 12
63 29
18 96
72 14
49 68
60 81
20 97
34 36
91 22
70 91
85 33
67 59
24 8
68 18
15 84
28 92
20 88
42 1
71 5
96 78
29 88
28 90
16 4
82 44
15 26
99 26
83 13
63 84
95 33
99 60
30 25
49 78
57 74
43 3
21 32
40 69
52 83
26 36
73 67
89 94
7 73
43 2
31 94
67 19
28 13
95 26
84 9
3 37
71 52
93 97
94 70
32 24
50 44
28 30
50 45
85 42
19 41
75 42
84 32
53 19
3 31
62 5
82 20
86 86
33 47
12 33
64 38
68 66
45 99
34 5
68 76
31 70
45 6
98 11
98 24
69 93
32 16
5 15
15 79
71 29
43 79
97 46
77 35
19 90
27 94
48 16
27 66
94 58
22 11
71 52
51 24
85 17
70 38
84 82
96 56
52 80
39 99
83 70
59 97
5 93
39 21
14 46
75 60
24 7
2 4
72 73
20 92
27 74
75 34
21 83
12 72
99 31
14 6
68 11
64 62
97 68
22 57
25 60
68 67
59 2
17 85
63 95
34 9
84 30
49 79
60 98
76 40
6 59
63 42
21 50
27 36
26 37
43 1
96 53
28 44
6 34
31 6
65 30
84 45
77 95
71 97
88 21
93 16
60 84
63 56
82 82
55 3
79 29
9 95
76 61
26 54
55 44
85 21
82 18
2 45
87 53
34 29
8 41
82 41
5 72
68 44
22 35
19 50
43 11
29 23
80 12
43 95
80 97
89 59
93 37
56 89
44 71
98 35
57 56
63 36
22 56
91 52
26 54
85 26
43 6
50 86
84 65
50 72
29 82
3 11
58 68
67 13
21 89
46 17
75 53
55 46
15 39
83 17
75 38
49 48
15 1
92 72
79 66
83 60
96 8
8 51
5 38
45 93
80 15
61 23
43 9
52 31
94 78
88 32
94 86
31 48
56 76
80 87
20 76
84 19
7 6
47 60
59 21
98 77
52 95
33 84
74 27
67 54
43 66
61 3
5 38
59 66
84 35
52 61
27 68
71 71
18 14
27 1
37 44
61 56
97 5
54 66
38 46
24 89
80 16
5 86
28 99
82 39
27 63
12 20
64 42
15 75
94 66
69 37
59 19
74 99
29 34
68 1
6 9
36 25
23 80
85 52
10 49
1 22
64 80
70 75
73 48
66 45
56 17
90 89
59 22
2 58
62 78
13 51
2 47
23 85
75 43
98 60
68 45
84 5
53 21
15 68
99 88
32 44
18 38
29 55
46 3
46 75
91 27
11 7
59 81
60 98
98 57
25 56
67 85
42 68
15 87
55 50
46 93
20 76
58 96
45 45
14 54
39 29
6 22
30 19
94 95
27 59
54 84
39 91
80 17
5 49
65 31
17 48
86 3
80 54
92 99
29 3
28 9
94 81
53 45
17 42
30 22
82 80
42 65
75 47
29 9
57 22
49 58
26 69
37 22
33 37
20 56
4 91
62 38
34 21
50 10
9 37
73 77
59 46
27 47
92 19
59 41
36 41
70 61
44 81
24 72
12 92
15 9
15 55
72 30
20 82
44 59
98 86
47 86
93 96
48 81
56 16
65 90
72 49
76 23
10 92
26 55
1 23
39 59
19 62
45 29
22 66
70 10
51 8
90 60
69 90
69 39
87 74
63 38
78 96
36 50
36 76
44 45
25 65
15 49
34 99
53 10
72 4
31 31
84 26
38 34
51 1
92 70
5 93
42 47
83 31
35 55
11 35
60 74
92 91
76 53
7 94
59 91
5 85
14 98
76 53
48 1
99 75
88 55
34 19
74 99
86 24
75 10
27 12
85 16
9 76
12 12
14 62
37 20
65 31
33 72
97 25
12 56
31 3
9 22
35 32
99 76
70 56
51 50
79 88
26 55
64 22
51 39
11 7
76 63
9 28
28 79
91 3
35 83
34 40
60 88
37 37
67 27
85 67
7 79
36 5
66 77
58 32
55 88
93 55
65 44
84 69
43 46
14 96
36 97
74 3
13 55
15 8
56 96
74 95
54 96
8 43
77 28
76 91
42 17
47 97
47 22
59 29
2 25
87 5
81 87
46 88
11 39
20 53
43 77
12 28
90 9
39 95
14 45
11 14
93 79
88 60
28 18
53 65
67 46
77 6
36 34
15 38
1 51
89 63
38 45
88 16
45 9
25 41
95 74
4 83
47 45
42 41
43 31
8 70
93 37
85 17
